0.0	1.0	0.0	1.0	0.6422304699551761	0.3239826120027145	0.30415024454207573	0.5317983473676908
0.0	1.0	0.1	.9	0.6356945821862768	0.32345363575683583	0.3010885224300348	0.5228173146245789
0.0	1.0	0.2	.8	0.6371770862100519	0.32283040196949814	0.3041697440793783	0.5131729099502174
0.0	1.0	0.3	.7	0.6427819454553978	0.3348154710725241	0.31394764064871883	0.5512732150230071
0.0	1.0	0.4	.6	0.6535407584088003	0.34166328017643294	0.3324785716472953	0.551109691887519
0.0	1.0	0.5	.5	0.664770834372865	0.35113805263819375	0.3160079781957083	0.5568374442703792
0.0	1.0	0.6	.4	0.6527424792223101	0.34699236511100345	0.31585551348305035	0.5417799251809385
0.0	1.0	0.7	.3	0.6846128491417973	0.35228422802886616	0.3500671959237245	0.5190679604666139
0.0	1.0	0.8	.2	0.6702604908732529	0.3714297021390119	0.3392854962715131	0.5418543632135144
0.0	1.0	0.9	.1	0.6878807224474838	0.3618407407673603	0.34739906636773255	0.5419689491284123
0.0	1.0	1.0	0	0.6947927660033651	0.3775213271349982	0.35448668679713013	0.5349964404973108
0.1	.9	0.0	1.0	0.7221764946780912	0.40487756675497427	0.3738273368991619	0.5953900626618965
0.1	.9	0.1	.9	0.7148544692404142	0.39298633779041753	0.3673311884603214	0.6179110124412242
0.1	.9	0.2	.8	0.7262976319289767	0.404592029489753	0.3702510469294436	0.6174561102166516
0.1	.9	0.3	.7	0.722114506569705	0.4140924472451766	0.37312672013996734	0.6066479404727695
0.1	.9	0.4	.6	0.7192438285062763	0.40129608516440607	0.3786249430118488	0.5860535187071512
0.1	.9	0.5	.5	0.7248410987325286	0.410874518775386	0.3713930340722492	0.63233764864898
0.1	.9	0.6	.4	0.7227954642570689	0.408367214878369	0.37212848821644395	0.6008158485716234
0.1	.9	0.7	.3	0.7261629677343903	0.3988568179651644	0.3709499952641219	0.6052025097810476
0.1	.9	0.8	.2	0.7264689882849478	0.41008372236730545	0.37619093344598364	0.628262423577515
0.1	.9	0.9	.1	0.7273313671367434	0.4166206119125522	0.38285048149033235	0.6176892236107142
0.1	.9	1.0	0	0.7244159955794848	0.4182454014113445	0.3787901012650595	0.6043676551028845
0.2	.8	0.0	1.0	0.7344307959119704	0.4199944791296792	0.37758581719038964	0.6157289398573467
0.2	.8	0.1	.9	0.7289202718691036	0.42167552686397247	0.3807248904778674	0.6362669874736034
0.2	.8	0.2	.8	0.7277102834611754	0.410546755217804	0.3772311896322739	0.6573307007378152
0.2	.8	0.3	.7	0.7431733940013371	0.42332584919854027	0.4026948187388774	0.6149458556692294
0.2	.8	0.4	.6	0.7434005385078898	0.4348482099491049	0.3989218962778545	0.6040666414032081
0.2	.8	0.5	.5	0.7349117166514209	0.4166528662755366	0.38998997606197744	0.6158735523367552
0.2	.8	0.6	.4	0.7366864169538864	0.42778377934560374	0.38605960619699076	0.6515320750819157
0.2	.8	0.7	.3	0.7433947273500285	0.4253294406270728	0.3921426170999936	0.6271691023562392
0.2	.8	0.8	.2	0.7348558199235412	0.4432756948186686	0.4011949886402161	0.6271160409262424
0.2	.8	0.9	.1	0.7408137393701459	0.4247371432191219	0.37759711294414766	0.6407964288386301
0.2	.8	1.0	0	0.7444566542837394	0.4402293767382903	0.39032855661529264	0.6398270404943192
0.3	.7	0.0	1.0	0.7485760737199079	0.4413863635112672	0.3950717287286558	0.6600407649109303
0.3	.7	0.1	.9	0.7421500197243979	0.43231260292762963	0.408542794947406	0.6529637884882048
0.3	.7	0.2	.8	0.7442763381415984	0.4311534931506489	0.3973322932540565	0.644879954407569
0.3	.7	0.3	.7	0.7383005096963605	0.430257243875341	0.3931448882976735	0.640085240658232
0.3	.7	0.4	.6	0.7485836259593792	0.4300582016410823	0.39505809380338924	0.6263338714071339
0.3	.7	0.5	.5	0.7420731598287416	0.438484307839199	0.3849090524752466	0.6302108245593602
0.3	.7	0.6	.4	0.738811918152315	0.42783310938165026	0.38397043107182727	0.6276654739740951
0.3	.7	0.7	.3	0.7479029797765003	0.44372969379143645	0.41292630744165865	0.63879894799622
0.3	.7	0.8	.2	0.7362272936196184	0.4407859105536716	0.3913773481890444	0.6553916894718645
0.3	.7	0.9	.1	0.7392246500848081	0.44767761160856046	0.3875356272316564	0.6362007001691061
0.3	.7	1.0	0	0.7409010299090647	0.434558687391908	0.384218019845983	0.6218476684201726
0.4	.6	0.0	1.0	0.763676713021792	0.4440732961266698	0.4022762992817545	0.6463299526972464
0.4	.6	0.1	.9	0.7419060417870318	0.44120380776272144	0.39702026586863265	0.6325941546064904
0.4	.6	0.2	.8	0.7389023282909107	0.43200989521143585	0.3991627952833576	0.6310363507982133
0.4	.6	0.3	.7	0.7490458997961579	0.45109115825041834	0.39081830059773587	0.6320753684513366
0.4	.6	0.4	.6	0.7447022046125736	0.4439682060107533	0.39724433805450265	0.6400418976603369
0.4	.6	0.5	.5	0.7362948742117407	0.42989006739771696	0.38299408962255554	0.6510650426426831
0.4	.6	0.6	.4	0.743048997888463	0.431447658478096	0.38891987593816546	0.6515621443858701
0.4	.6	0.7	.3	0.7470110760063585	0.4544845173835683	0.3975491382547234	0.6547889094710755
0.4	.6	0.8	.2	0.7388148520259429	0.4370032478821254	0.3875631232616393	0.6207623845301194
0.4	.6	0.9	.1	0.7426045911991481	0.4286213584759614	0.3801648831540797	0.6375112172115662
0.4	.6	1.0	0	0.7448183677295368	0.4541402231133472	0.4017209917751774	0.6251925061946435
0.5	.5	0.0	1.0	0.7475003407363318	0.4419948629822057	0.4024324753113321	0.6359900503948591
0.5	.5	0.1	.9	0.7429814508801823	0.44746141738817247	0.3919796642405651	0.6462665070734326
0.5	.5	0.2	.8	0.751051733194166	0.44619843761058553	0.3917317681230575	0.6388059800881195
0.5	.5	0.3	.7	0.7487504279957159	0.4356956229632874	0.4021637226840406	0.6441945532947955
0.5	.5	0.4	.6	0.7467858448687444	0.4308428375900052	0.38598785244507255	0.6342985555415841
0.5	.5	0.5	.5	0.7440250757185476	0.4479947410183016	0.38154901798991137	0.6063300106014259
0.5	.5	0.6	.4	0.7431678316952994	0.42995021444196313	0.38607278351644936	0.6775193463135162
0.5	.5	0.7	.3	0.7415369955458285	0.43360443063263754	0.39044996609254123	0.6297771816458835
0.5	.5	0.8	.2	0.7367897991244303	0.4225794713705015	0.3906364520918943	0.6127522848261125
0.5	.5	0.9	.1	0.7369294122160757	0.4321439526745148	0.39132668156173434	0.6106398609403018
0.5	.5	1.0	0	0.7372951062008877	0.44239540467595334	0.38884793673308005	0.6324070885279938
0.6	.4	0.0	1.0	0.7538529112238427	0.44737777131495204	0.39323905885371174	0.6603253600877688
0.6	.4	0.1	.9	0.7493213050924655	0.44354024247066864	0.38750230997806856	0.6228332067615497
0.6	.4	0.2	.8	0.7441880965462622	0.44026859559430304	0.3854091312152242	0.6399573373279229
0.6	.4	0.3	.7	0.7479968170451605	0.444787508244097	0.39850249338595906	0.6340248716687509
0.6	.4	0.4	.6	0.7450289519713064	0.44014347712816715	0.38697127187661484	0.6452010978759551
0.6	.4	0.5	.5	0.7403833957069694	0.4341338498394288	0.3879882007699957	0.6435012510971049
0.6	.4	0.6	.4	0.7386981825225074	0.4387687037799282	0.3775819123519625	0.6315662548473923
0.6	.4	0.7	.3	0.7437669423089674	0.42365524918785324	0.3886465774565187	0.6281380902374089
0.6	.4	0.8	.2	0.7396572926939133	0.45043786888837334	0.39937208850945544	0.6595301603888922
0.6	.4	0.9	.1	0.7417071632128366	0.4308743780192652	0.3979569621810131	0.6357949755002827
0.6	.4	1.0	0	0.7377018083114053	0.4241922532444087	0.38960670930205005	0.6329838371547828
0.7	.3	0.0	1.0	0.7484339986705368	0.4417455293215713	0.39658109080962894	0.6374694366253608
0.7	.3	0.1	.9	0.7395480931953271	0.4367983569402429	0.3981275399107073	0.6307238522211828
0.7	.3	0.2	.8	0.7418865360896102	0.43995793414881074	0.38786307699475486	0.6370439596888473
0.7	.3	0.3	.7	0.7389914245706001	0.43227522173738453	0.3933589630679575	0.6462843055820021
0.7	.3	0.4	.6	0.7382342121103627	0.4454818781208272	0.3942980229290608	0.6427253582703436
0.7	.3	0.5	.5	0.7429707546047108	0.4345483698655386	0.38464985850655076	0.6435972635241021
0.7	.3	0.6	.4	0.7429043640631309	0.43115676714465045	0.3973817145666244	0.6443244067803869
0.7	.3	0.7	.3	0.7317729539073519	0.44976667686588645	0.3880699677609356	0.6128433682820237
0.7	.3	0.8	.2	0.7425311917404931	0.42671638927035	0.38485138842640204	0.6251661444829366
0.7	.3	0.9	.1	0.7376966576172075	0.44121800683703877	0.3908385958976453	0.6393120952916437
0.7	.3	1.0	0	0.7367118953993855	0.4219666835739318	0.37602394494620295	0.6119516443786552
0.8	.2	0.0	1.0	0.7405237070162425	0.446408084315714	0.38297038645477816	0.630617854719071
0.8	.2	0.1	.9	0.7450030785814874	0.4429278723696144	0.3934817629985084	0.6322901066376202
0.8	.2	0.2	.8	0.7363666285376035	0.43629632345861286	0.3982653093839126	0.6484705118769519
0.8	.2	0.3	.7	0.7410502595462145	0.434212740400795	0.3928045450710859	0.6279603363807854
0.8	.2	0.4	.6	0.7387319873876194	0.4339010164665635	0.3821840872940831	0.6158160922973881
0.8	.2	0.5	.5	0.7297926060409714	0.4326420453521291	0.38674024292836234	0.6252682521689231
0.8	.2	0.6	.4	0.73362122713685	0.43659889683552094	0.3799891722461873	0.6415103621270902
0.8	.2	0.7	.3	0.7353902782705937	0.4307570996095467	0.38936335927762683	0.625289781315547
0.8	.2	0.8	.2	0.7355363779364977	0.430053043949256	0.3765272669129869	0.6328219062788165
0.8	.2	0.9	.1	0.7441329073938674	0.4301042653219548	0.38582661811622815	0.641822797362566
0.8	.2	1.0	0	0.7407793741351841	0.4439793663808868	0.3852835202913343	0.6071176367604412
0.9	.1	0.0	1.0	0.7396662894701955	0.4386736188223355	0.3844475476529374	0.6201390773151152
0.9	.1	0.1	.9	0.7407275084036085	0.4484332392093352	0.39353337029343616	0.6426572971678215
0.9	.1	0.2	.8	0.7364986482997078	0.4346186234298286	0.37806697077731294	0.6156031125375042
0.9	.1	0.3	.7	0.7380412880160241	0.43849713564847487	0.3841045607704733	0.6347331413169579
0.9	.1	0.4	.6	0.7467273725338754	0.42843524250516657	0.38650813113584886	0.6270055573696095
0.9	.1	0.5	.5	0.7392587072102085	0.4352833164329412	0.37551290050486197	0.6170025537297095
0.9	.1	0.6	.4	0.7431364560987566	0.43091041806333125	0.37450660355126464	0.6261395998206313
0.9	.1	0.7	.3	0.7313593482076812	0.4207125497132074	0.38184348619069464	0.6349276787110214
0.9	.1	0.8	.2	0.7364510780794778	0.4301255201879	0.37161132105207434	0.6057325882274975
0.9	.1	0.9	.1	0.7265437209683349	0.42209101424658724	0.37303908981660155	0.6036768346026599
0.9	.1	1.0	0	0.7142480416100929	0.4064866877511676	0.36299071275994743	0.5933888528745038
1.0	0	0.0	1.0	0.7165724363176367	0.39680537234656554	0.3705606897623475	0.5817834284191284
1.0	0	0.1	.9	0.7215988058902355	0.3982894297321928	0.3732314550462395	0.6168540190092668
1.0	0	0.2	.8	0.7123052174362041	0.40294880649870074	0.36831286714031447	0.5619311027534462
1.0	0	0.3	.7	0.7158038061514764	0.39367960038681377	0.3565311876977255	0.586507109047465
1.0	0	0.4	.6	0.7110697827725235	0.3949906556955315	0.3686602936282679	0.5649363835398227
1.0	0	0.5	.5	0.7170177533844087	0.39453298424070793	0.3652861053653981	0.5837426193457508
1.0	0	0.6	.4	0.7196485275099993	0.40011840694011774	0.362069332391994	0.5735412366206246
1.0	0	0.7	.3	0.7182737985400109	0.4046655731595495	0.3601298090375665	0.5754797722532444
1.0	0	0.8	.2	0.7106717660621101	0.38567001835827175	0.35744473129820525	0.5867238177273191
1.0	0	0.9	.1	0.7143104837219323	0.396872669511061	0.36082808411649925	0.5742239021826832
1.0	0	1.0	0	0.7082140217058377	0.3978181823250219	0.3445960373064164	0.567317621552974
